100
100 1
48 -87
-90 42
98 18
-42 -90
-96 24
-18 98
72 68
-72 68
-99 -12
80 58
98 -18
-100 0
30 95
42 90
58 -80
36 92
-68 72
-12 -99
-36 -92
99 -6
99 6
-30 -95
-95 30
72 -68
-58 -80
90 -42
24 -96
12 99
92 36
84 -53
-18 -98
36 -92
-77 63
87 48
-63 -77
18 -98
-58 80
58 80
-84 -53
12 -99
0 -100
90 42
99 -12
-12 99
-95 -30
-24 -96
24 96
-68 -72
96 -24
18 98
84 53
-80 -58
-87 -48
-99 -6
-92 -36
-53 84
-99 6
48 87
-30 95
77 63
68 72
-48 -87
-24 96
96 24
-80 58
-6 99
-42 90
-98 -18
-36 92
-6 -99
-96 -24
-87 48
-53 -84
77 -63
-84 53
-92 36
68 -72
42 -90
80 -58
-72 -68
95 30
-98 18
6 99
-63 77
-48 87
63 -77
92 -36
-99 12
95 -30
87 -48
6 -99
53 -84
30 -95
-77 -63
-90 -42
63 77
53 84
99 12
0 100
